72148
105893
95775
90016
108163
123537
81055
72511
71371
55794
63655
56639
63760
123453
18752
99722
113674
74233
88961
75940
69466
80399
63482
85190
78899
118615
80858
76847
115610
109409
70246
103196
118263
31237
62927
97666
90594
89784
122793
100425
120123
66318
109608
68051
72478
103852
61816
90961
115719
139890
76634
54695
127978
108025
82057
119686
95519
117436
96444
133302
100563
31175
111027
144728
115278
118244
94103
79818
82262
67197
71140
112117
117434
84348
103413
110387
122376
104794
70124
106389
75197
114768
99513
107665
63944
104852
64226
85937
112184
55776
76686
98222
117390
75016
139200
121731
118907
84756
89082
52324
121837
88547
83031
71688
88882
111767
69933
118718
84162
59433
114075
60855
50321
118171
93973
100439
82684
95849
105475
98046
100748
90829
98011
119073
109899
79443
94009
74260
102619
119976
90636
56654
83509
72923
101602
120677
26228
77628
28535
135332
123500
131471
95129
62433
118065
107476
98170
79071
62782
102390
116701
68969
114395
92986
115346
119561
116077
67404
90952
114858
113080
108453
115216
115236
24719
51133
100566
31585
70657
66387
109624
74006
82769
51512
78485
94765
140652
75245
81314
158333
93459
74761
109388
102967
92593
71910
70016
64544
94984
89153
81923
72329
100071
128113
59298
88432
115957
71423
109430
106429
65913
105757
71440
128539
66140
87954
100111
76522
69104
118259
91960
104699
86647
93208
118519
74985
54350
81756
106887
103532
103613
78178
95249
72718
68332
89877
121193
70681
117826
59742
119810
91646
106457
53261
55324
99056
67181
118879
65159
123085
53197
118257
69385
100174
71629
118710
72588
122003
60903
98036
118222
98798
88702
62685
78902
62095
74524
64042
84173
117255
103021
112265
123284
98713
73936
56080
97688
109314
143683
108870
108233
81494
113751
53595
69178
116853
42320
72303
111848
132305
120992
65350
141971
118626
79046
95433
129238
112494
86825
123913
114313
86641
113697
55649
74147
70215
73771
69043
118468
109107
117307
108922
123189
132058
98654
108190
95984
90844
114666
106671
120828
63821
99751
96829
65615
97585
56766
135879
59109
93058
101313
88480
107305
93734
66475
89423
77175
89498
109012
75085
76084
75495
82720
81556
31607
117409
96628
114677
116598
84149
92510
55139
55313
98527
144962
70281
131264
100629
76181
93311
99573
133381
71897
30360
104933
65430
60207
86782
79584
145482
82025
97625
111909
98683
123362
84550
77644
147437
73856
75699
111886
119993
141515
57304
123021
89652
84844
106544
100741
80374
115961
93353
117514
63954
112727
109014
82887
117362
86730
89870
93242
62544
96969
75029
97865
109392
109965
76357
74660
67382
20968
68727
103109
90972
81918
115458
142487
83969
118616
52672
79556
271112
121733
91161
71433
88404
103662
118143
95958
55778
106060
134266
20538
93532
65192
91276
61349
97683
103163
79274
135500
84868
101780
95650
86665
68070
112178
121062
92166
70412
137533
91784
67078
71566
86040
75428
94883
83011
94423
115865
79616
96824
93417
89130
94409
73665
55092
83316
85189
120454
101101
86480
102753
81848
63040
99047
103850
118300
100382
79382
87552
100768
120054
72298
119066
82384
88741
84662
113076
104562
68061
89739
105433
84621
111823
58696
77736
121015
58554
115333
133173
124449
77083
72388
106239
81070
31282
75084
118177
81372
103888
67060
154852
88763
132182
96686
135835
81880
122931
112968
87070
96712
95259
53029
119576
98787
60134
72199
107009
73623
51055
118540
99432
104305
73668
75254
92029
82099
113036
105214
28831
80758
131525
102350
77503
80735
103909
82935
74471
77911
148136
90110
137655
102999
157298
95961
112295
108828
67795
89437
81878
83913
63897
88559
65532
96821
84600
66802
74357
106101
55742
116438
121554
118916
56834
97680
124704
96256
79296
64954
85800
90601
118489
62384
85755
147129
102750
143889
71130
79411
105422
82681
131277
93628
99979
112464
108967
102677
86869
91334
106048
104094
93001
93169
108087
71548
72150
96037
94977
79295
103215
115223
113137
84923
115800
66434
54452
114304
94868
95354
28264
53302
116805
93759
29424
111104
85546
27834
27699
77675
101875
73239
79286
116141
71215
90766
84732
